A =

    1    7   15   16
   11    6    4   13
    3   14   13   18
   10   10    1    1

B =

    6    0    0    0
   19   14   11   13
   17   17   12   18
    3    2   10   17

C = 
	  442   385   417   633
   	287   178   244   371
   	559   453   490   722
   	270   159   132   165

c11 = a11 * b11 + a12 * b21 + a13 * b31 + a14 * b41;
c12 = a11 * b12 + a12 * b22 + a13 * b32 + a14 * b42;
c13 = a11 * b13 + a12 * b23 + a13 * b33 + a14 * b43;
c14 = a11 * b14 + a12 * b14 + a13 * b34 + a14 * b44;

c21 = a21 * b11 + a22 * b21 + a23 * b31 + a24 * b41;
c22 = a21 * b21 + a22 * b22 + a23 * b32 + a24 * b42;
c23 = a21 * b31 + a22 * b23 + a23 * b33 + a24 * b43;
c24 = a21 * b41 + a22 * b14 + a23 * b34 + a24 * b44;

c31 = a31 * b11 + a32 * b21 + a33 * b31 + a34 * b41;
c32 = a31 * b21 + a32 * b22 + a33 * b32 + a34 * b42;
c33 = a31 * b31 + a32 * b23 + a33 * b33 + a34 * b43;
c34 = a31 * b14 + a32 * b14 + a33 * b34 + a34 * b44;

c41 = a41 * b11 + a42 * b21 + a43 * b31 + a44 * b41;
c42 = a41 * b21 + a42 * b22 + a43 * b23 + a44 * b24;
c43 = a41 * b31 + a42 * b32 + a43 * b33 + a44 * b34;
c44 = a41 * b41 + a42 * b42 + a43 * b34 + a44 * b44;