M =

   44   22   33   55   66   33   22   44
   11   11   11   11   11   11   11   11
    0    1    0    1    0    1    0    1
    1    0    1    0    1    0    1    0
    0    1    0    1    0    1    0    1
    1    0    1    0    1    0    1    0
   11   11   11   11   11   11   11   11
   44   22   33   55   66   33   22   44

function ret
  return M
endfunction