D =

    6    1    5
    4   19   13
   15    3    2

ans = -1184.0

|A| = 1184.0

6	1 	5	6	1
4	19	13	4	19
15	3	2	15	3

6 * 19 * 2 + 1 * 13 * 15 + 5 * 4 * 3 - 5 * 19 * 15 - 6 * 13 * 3 - 1 * 4 * 2 