A =

    1    7   15   16
   11    6    4   13
    3   14   13   18
   10   10    1    1

B =

    6    0    0    0
   19   14   11   13
   17   17   12   18
    3    2   10   17

C =

    7    7   15   16
   30   20   15   26
   20   31   25   36
   13   12   11   18

C = 
  c11 = a11 + b11;
  c12 = a12 + b12;
  c13 = a13 + b13;
  c14 = a14 + b14;

  c21 = a21 + b21;
  c22 = a22 + b22;
  c23 = a23 + b23;
  c24 = a24 + b24;

  c31 = a31 + b31;
  c32 = a32 + b32;
  c33 = a33 + b33;
  c34 = a34 + b34;

  c41 = a41 + b41;
  c42 = a42 + b42;
  c43 = a43 + b43;
  c44 = a44 + b44;